,Delivery_Time_min
913,75
930,93
664,26
768,40
915,60
246,32
301,30
384,71
298,100
50,56
725,28
804,51
545,63
344,60
903,36
537,80
659,31
994,25
591,64
576,56
34,44
32,45
899,74
194,54
352,66
510,73
206,85
771,25
574,47
721,73
110,37
946,71
78,48
85,58
282,25
83,65
543,60
499,37
445,63
774,54
311,66
520,21
741,21
2,59
102,28
494,42
679,55
898,44
210,57
279,65
5,57
55,35
540,51
316,101
870,56
639,59
460,77
98,42
262,57
828,55
900,54
977,79
411,85
892,60
765,84
485,86
119,27
858,83
252,108
335,48
9,73
198,16
936,34
82,71
451,68
471,54
619,105
241,75
503,30
213,35
716,35
353,71
443,60
229,73
855,72
334,52
885,48
511,40
385,61
426,28
835,29
978,72
425,89
7,46
157,32
542,44
525,86
526,43
391,67
777,69
756,73
329,27
798,87
934,24
547,80
531,23
582,19
907,77
442,63
873,60
230,58
346,70
727,61
214,41
80,92
150,43
304,73
330,28
321,32
501,65
710,34
588,64
700,63
135,82
551,98
313,72
607,97
435,71
0,43
318,63
893,42
548,65
469,52
533,71
472,34
640,89
174,24
126,56
812,51
414,58
929,45
91,72
939,42
183,36
276,77
894,44
70,62
293,67
133,80
302,65
895,48
328,75
146,60
697,31
801,40
137,30
401,89
166,60
28,70
563,43
195,108
383,35
637,55
171,44
483,69
142,25
175,47
6,49
816,49
744,66
74,51
682,43
408,78
240,68
147,36
792,105
236,48
222,48
989,35
975,39
134,105
990,92
906,27
187,42
42,32
610,42
109,70
589,54
57,23
974,70
436,57
970,35
859,90
24,73
638,99
532,36
991,79
693,46
926,114
340,70
52,104
997,81
517,42
919,79
632,18
266,66
538,45
709,70
681,75
497,29
629,29
891,62
18,27
714,88
504,79
600,83
427,49
369,36
84,43
62,60
431,48
274,70
287,22
362,55
356,32
450,30
280,26
12,53
184,43
370,63
487,51
615,47
225,67
599,41
698,72
498,74
580,76
656,51
609,71
178,54
979,81
691,68
586,48
617,71
396,74
165,30
250,58
634,91
884,64
669,77
377,70
415,80
75,41
114,74
949,50
561,48
393,28
105,35
115,69
420,62
468,46
461,70
412,70
93,69
917,37
90,74
338,59
988,50
920,50
933,101
606,32
594,57
763,92
95,14
11,76
399,28
534,30
44,36
43,8
331,36
169,47
993,58
875,53
598,48
755,95
101,94
429,80
180,47
447,52
419,53
647,34
881,57
811,64
179,80
398,47
732,66
793,61
960,65
683,56
386,93
956,71
633,48
259,32
539,64
337,83
760,75
15,35
3,37
950,41
326,42
653,97
258,85
546,74
757,38
224,49
181,35
983,29
22,37
358,67
666,81
860,51
342,66
434,57
552,37
832,67
205,82
630,41
94,49
794,68
69,87
622,58
286,42
803,60
437,34
155,66
76,69
840,28
449,35
190,54
273,51
238,52
491,34
118,91
916,98
516,17
747,63
592,39
128,44
117,73
477,60
692,72
58,61
673,40
911,97
371,88
270,37
47,36
351,55
197,30
999,58
833,65
735,104
265,67
446,52
674,70
306,17
343,109
966,85
151,60
125,58
786,67
51,47
355,29
927,85
144,28
474,62
402,46
625,77
322,54
19,47
808,71
790,26
807,58
410,36
541,100
620,48
39,47
177,43
247,35
827,30
766,72
753,53
857,65
156,33
289,57
603,52
573,66
838,63
17,24
129,78
324,57
257,52
657,56
964,65
192,46
116,44
750,49
182,44
303,39
758,98
711,57
722,42
684,69
661,53
521,32
984,28
46,43
908,51
159,64
743,39
173,75
16,50
515,85
49,56
971,98
839,61
519,42
802,89
484,60
285,112
717,71
654,58
227,62
26,56
781,45
440,31
951,27
366,62
231,55
38,34
965,32
376,92
473,49
967,29
849,45
955,43
724,44
196,17
853,65
863,56
507,80
969,64
829,17
583,38
968,59
164,68
701,20
154,54
830,55
699,74
754,64
112,52
228,64
734,80
104,57
424,34
422,67
749,14
590,77
921,73
120,65
54,31
153,41
406,46
945,53
209,55
662,57
842,54
761,38
8,35
806,44
37,61
456,41
655,48
255,48
305,63
745,42
575,53
627,71
708,95
718,49
264,46
614,49
299,40
417,51
152,17
788,30
644,22
888,29
554,43
791,55
492,62
149,113
148,49
719,56
931,62
738,47
663,90
350,20
467,91
327,67
188,62
124,26
852,50
612,68
145,49
958,62
199,45
613,45
281,58
295,52
403,112
123,77
185,58
204,92
441,56
248,47
418,103
910,27
764,48
905,42
887,77
886,75
131,59
641,51
405,37
850,22
769,55
739,48
912,30
221,66
645,101
914,54
963,56
805,91
918,46
628,35
837,27
759,69
389,89
972,78
513,33
269,67
818,65
444,52
500,56
113,65
695,33
234,96
868,95
611,60
675,96
375,71
981,38
841,78
235,30
785,27
680,72
319,63
652,44
413,79
897,68
713,63
360,59
260,90
748,89
631,71
636,38
284,96
378,42
387,44
226,51
953,43
813,70
476,47
349,52
509,68
643,39
987,53
928,25
904,76
623,23
854,74
649,79
940,28
560,65
957,59
581,35
800,43
86,68
244,59
702,51
161,69
528,75
36,45
544,46
172,48
658,54
889,84
856,31
846,49
944,79
737,68
96,30
567,71
242,13
746,78
578,90
694,76
464,74
557,50
877,94
208,60
395,41
799,23
400,50
770,70
847,56
219,38
4,68
772,33
646,27
896,42
616,65
742,74
550,116
729,77
687,51
99,45
809,66
731,49
577,21
409,77
506,75
48,36
33,111
783,78
844,42
202,51
136,91
27,70
879,43
232,67
493,35
776,69
381,38
290,33
421,85
678,31
394,43
596,58
502,68
140,116
63,40
475,47
651,32
130,29
976,51
524,80
843,44
962,39
65,52
817,57
14,33
158,61
41,67
496,67
382,39
189,65
767,68
218,32
796,35
53,50
883,77
339,59
752,37
723,61
728,46
297,47
705,65
253,78
730,45
465,108
459,85
996,71
820,88
867,37
271,85
203,21
163,32
559,57
733,67
404,102
706,73
480,66
826,39
775,16
106,69
569,86
392,48
1,84
937,44
982,38
565,58
81,32
207,89
35,73
779,38
512,15
430,33
458,31
368,71
92,48
341,47
902,51
568,60
347,43
780,94
243,71
13,36
317,53
604,57
390,63
275,47
168,85
845,84
992,70
650,48
823,47
488,41
980,62
508,48
836,33
245,30
570,106
880,41
566,70
690,42
191,30
787,62
703,36
479,57
685,43
514,92
59,82
478,53
564,59
861,27
751,51
254,66
21,58
315,71
463,66
162,68
278,66
961,70
193,69
388,69
810,90
416,49
495,115
345,77
773,91
310,63
665,83
132,62
667,72
876,35
100,76
374,38
88,44
462,22
332,28
216,27
470,44
122,41
618,75
20,72
704,70
72,42
107,87
272,21
865,39
438,61
103,80
